bagging_fraction: 0.379884089544096
bagging_freq: 56
bagging_seed: 42
boosting: gbdt
drop_seed: 42
feature_fraction: 0.39780822236738433
feature_fraction_bynode: 0.1572025152574213
feature_fraction_seed: 42
lambda_l1: 4.226191556898454
lambda_l2: 2.0428215357261674
learning_rate: 0.02406848382947717
max_depth: 8
min_data_in_leaf: 886
min_sum_hessian_in_leaf: 38.69894380482674
n_jobs: -1
num_leaves: 954
objective: rmse
seed: 42
verbosity: -1
